Tarih	Toplam Vaka	Yeni Vaka	Toplam Ölüm	Yeni Ölüm	Toplam İyileşme	Yeni İyileşme	Aktif Vaka	Toplam Yoğun Bakım Hasta Sayısı	Toplam Entübe Hasta Sayısı	Toplam Test	Yeni Test	Test Sayısı (Milyonda)	Test Başına Vaka (%)	Toplam Vaka (Milyonda)	Vaka Değişim Oranı (%)	Vaka Tespit Etme Oranı (%)	Ölüm Oranı (%)	Kapanan Vakada Ölüm (%)	Büyüme Faktörü	Test Değişim Oranı (%)	Time	Nüfusa oran
11.03.2020	1	1	0	0	0	0	1	0	0	940	940	11	0.11	0		0.11	0.00				1	84339067
12.03.2020	1	0	0	0	0	0	1	0	0	940		11	0.11	0	0.00		0.00			0.00	2	84339067
13.03.2020	5	4	0	0	0	0	5	0	0	4000	3060	47	0.13	0	400.00	0.00	0.00			325.53	3	16867813.4
14.03.2020	6	1	0	0	0	0	6	0	0	4000		47	0.15	0	20.00		0.00		0.25	0.00	4	14056511.17
15.03.2020	18	12	0	0	0	0	18	0	0	4000		47	0.45	0	200.00		0.00		12.00	0.00	5	4685503.722
16.03.2020	47	29	0	0	0	0	47	0	0	4000		47	1.18	1	161.11		0.00		2.42	0.00	6	1794448.234
17.03.2020	98	51	1	1	0	0	97	0	0	8002	4002	95	1.22	1	108.51	1.27	1.02	100.00	1.76	100.05	7	860602.7245
18.03.2020	191	93	2	1	0	0	189	0	0	10000	1998	119	1.91	2	94.90	4.65	1.05	100.00	1.82	24.97	8	441565.7958
19.03.2020	359	168	4	2	0	0	355	0	0	11981	1981	142	3.00	4	87.96	8.48	1.11	100.00	1.81	19.81	9	234927.7632
20.03.2020	670	311	9	5	0	0	661	0	0	15637	3656	185	4.28	8	86.63	8.51	1.34	100.00	1.85	30.51	10	125879.2045
21.03.2020	947	277	21	12	0	0	926	0	0	18607	2970	221	5.09	11	41.34	9.33	2.22	100.00	0.89	18.99	11	89059.20486
22.03.2020	1236	289	30	9	0	0	1206	0	0	20345	1738	241	6.08	15	30.52	16.63	2.43	100.00	1.04	9.34	12	68235.4911
23.03.2020	1529	293	37	7	0	0	1492	0	0	24017	3672	285	6.37	18	23.71	7.98	2.42	100.00	1.01	18.05	13	55159.62525
24.03.2020	1872	343	44	7	0	0	1828	0	0	27969	3952	332	6.69	22	22.43	8.68	2.35	100.00	1.17	16.46	14	45052.92041
25.03.2020	2433	561	59	15	26	26	2348	0	0	33004	5035	391	7.37	29	29.97	11.14	2.42	69.41	1.64	18.00	15	34664.63913
26.03.2020	3629	1196	75	16	26	0	3528	0	0	40290	7286	478	9.01	43	49.16	16.42	2.07	74.26	2.13	22.08	16	23240.30504
27.03.2020	5698	2069	92	17	42	16	5564	344	241	47823	7533	567	11.91	68	57.01	27.47	1.61	68.66	1.73	18.70	17	14801.52106
28.03.2020	7402	1704	108	16	70	28	7224	445	309	55464	7641	658	13.35	88	29.91	22.30	1.46	60.67	0.82	15.98	18	11394.09173
29.03.2020	9217	1815	131	23	105	35	8981	568	394	65446	9982	776	14.08	109	24.52	18.18	1.42	55.51	1.07	18.00	19	9150.381578
30.03.2020	10827	1610	168	37	162	57	10497	725	523	76981	11535	913	14.06	128	17.47	13.96	1.55	50.91	0.89	17.63	20	7789.698624
31.03.2020	13531	2704	214	46	243	81	13074	847	622	92403	15422	1096	14.64	160	24.97	17.53	1.58	46.83	1.68	20.03	21	6233.025423
01.04.2020	15679	2148	277	63	333	90	15069	979	692	106799	14396	1266	14.68	186	15.87	14.92	1.77	45.41	0.79	15.58	22	5379.110084
02.04.2020	18135	2456	356	79	415	82	17364	1101	783	125556	18757	1489	14.44	215	15.66	13.09	1.96	46.17	1.14	17.56	23	4650.624042
03.04.2020	20921	2786	425	69	484	69	20012	1251	867	141716	16160	1680	14.76	248	15.36	17.24	2.03	46.75	1.13	12.87	24	4031.311457
04.04.2020	23934	3013	501	76	786	302	22647	1311	909	161380	19664	1913	14.83	284	14.40	15.32	2.09	38.93	1.08	13.88	25	3523.818292
05.04.2020	27069	3135	574	73	1042	256	25453	1381	935	181445	20065	2151	14.92	321	13.10	15.62	2.12	35.52	1.04	12.43	26	3115.706786
06.04.2020	30217	3148	649	75	1326	284	28242	1415	966	202845	21400	2405	14.90	358	11.63	14.71	2.15	32.86	1.00	11.79	27	2791.113181
07.04.2020	34109	3892	725	76	1582	256	31802	1474	987	222868	20023	2643	15.30	404	12.88	19.44	2.13	31.43	1.24	9.87	28	2472.633821
08.04.2020	38226	4117	812	87	1846	264	35568	1492	995	247768	24900	2938	15.43	453	12.07	16.53	2.12	30.55	1.06	11.17	29	2206.32729
09.04.2020	42282	4056	908	96	2142	296	39232	1552	1017	276346	28578	3277	15.30	501	10.61	14.19	2.15	29.77	0.99	11.53	30	1994.680171
10.04.2020	47029	4747	1006	98	2423	281	43600	1667	1062	307210	30864	3643	15.31	558	11.23	15.38	2.14	29.34	1.17	11.17	31	1793.341704
11.04.2020	52167	5138	1101	95	2965	542	48101	1626	1021	340380	33170	4036	15.33	619	10.93	15.49	2.11	27.08	1.08	10.80	32	1616.712999
12.04.2020	56956	4789	1198	97	3446	481	52312	1665	978	376100	35720	4459	15.14	675	9.18	13.41	2.10	25.80	0.93	10.49	33	1480.775809
13.04.2020	61049	4093	1296	98	3957	511	55796	1786	1063	410556	34456	4868	14.87	724	7.19	11.88	2.12	24.67	0.85	9.16	34	1381.497928
14.04.2020	65111	4062	1403	107	4799	842	58909	1809	1087	443626	33070	5260	14.68	772	6.65	12.28	2.15	22.62	0.99	8.05	35	1295.312113
15.04.2020	69392	4281	1518	115	5674	875	62200	1820	1052	477716	34090	5664	14.53	823	6.57	12.56	2.19	21.11	1.05	7.68	36	1215.400435
16.04.2020	74193	4801	1643	125	7089	1415	65461	1854	1040	518143	40427	6144	14.32	880	6.92	11.88	2.21	18.82	1.12	8.46	37	1136.752349
17.04.2020	78546	4353	1769	126	8631	1542	68146	1845	1014	558413	40270	6621	14.07	931	5.87	10.81	2.25	17.01	0.91	7.77	38	1073.753813
18.04.2020	82329	3783	1890	121	10453	1822	69986	1894	1054	598933	40520	7101	13.75	976	4.82	9.34	2.30	15.31	0.87	7.26	39	1024.415054
19.04.2020	86306	3977	2017	127	11976	1523	72313	1922	1031	634277	35344	7521	13.61	1023	4.83	11.25	2.34	14.41	1.05	5.90	40	977.2097768
20.04.2020	90980	4674	2140	123	13430	1454	75410	1909	1033	673980	39703	7991	13.50	1079	5.42	11.77	2.35	13.74	1.18	6.26	41	927.0066718
21.04.2020	95591	4611	2259	119	14918	1488	78414	1865	1006	713409	39429	8459	13.40	1133	5.07	11.69	2.36	13.15	0.99	5.85	42	882.2908747
22.04.2020	98674	3083	2376	117	16477	1559	79821	1814	985	750944	37535	8904	13.14	1170	3.23	8.21	2.41	12.60	0.67	5.26	43	854.7243144
23.04.2020	101790	3116	2491	115	18491	2014	80808	1816	982	791906	40962	9390	12.85	1207	3.16	7.61	2.45	11.87	1.01	5.45	44	828.5594557
24.04.2020	104912	3122	2600	109	21737	3246	80575	1790	929	830257	38351	9844	12.64	1244	3.07	8.14	2.48	10.68	1.00	4.84	45	803.9029568
25.04.2020	107773	2861	2706	106	25582	3845	79485	1782	900	868565	38308	10298	12.41	1278	2.73	7.47	2.51	9.57	0.92	4.61	46	782.5621167
26.04.2020	110130	2357	2805	99	29140	3558	78185	1776	883	898742	30177	10656	12.25	1306	2.19	7.81	2.55	8.78	0.82	3.47	47	765.8137383
27.04.2020	112261	2131	2900	95	33791	4651	75570	1736	882	918885	20143	10895	12.22	1331	1.93	10.58	2.58	7.90	0.90	2.24	48	751.276641
28.04.2020	114653	2392	2992	92	38809	5018	72852	1621	845	948115	29230	11242	12.09	1359	2.13	8.18	2.61	7.16	1.12	3.18	49	735.6027928
29.04.2020	117589	2936	3081	89	44022	5213	70486	1574	831	991613	43498	11757	11.86	1394	2.56	6.75	2.62	6.54	1.23	4.59	50	717.2360255
30.04.2020	120204	2615	3174	93	48886	4864	68144	1514	803	1033617	42004	12255	11.63	1425	2.22	6.23	2.64	6.10	0.89	4.24	51	701.6327826
01.05.2020	122392	2188	3258	84	53808	4922	65326	1480	818	1075048	41431	12747	11.38	1451	1.82	5.28	2.66	5.71	0.84	4.01	52	689.0897036
